Pattern:1-[0.9981337733218395, 0.0015119165630590053, 0.001325431264309295, 0.0017336819299877597, 0.00842725180988107, 0.012866289401432102, 0.9958488010473455]
Pattern:2-[0.9994318089140282, 0.0008458858119505304, 0.0009625246190373319, 0.0006788051121912027, 0.010711647680278666, 0.9910503915891422, 0.011628480972411006]
Pattern:3-[0.9989460770726298, 0.0012108002324046152, 0.0011406461033211844, 0.0011150365516345306, 6.83362930905505e-05, 0.9912113033410914, 0.988270470987964]
Pattern:4-[0.9989033933400459, 0.001059236758276248, 0.001150410910893296, 0.0011204727147701805, 0.9866320750118698, 0.00015527306967265953, 0.003087535246524171]
